0.000000	2.759273e+06	0.000000e+00	0.000000e+00	0.000000e+00
0.000200	2.759273e+06	2.444535e+06	0.000000e+00	0.000000e+00
0.000400	2.759273e+06	4.889070e+06	0.000000e+00	0.000000e+00
0.000600	2.759273e+06	7.333605e+06	0.000000e+00	0.000000e+00
0.000800	2.759273e+06	9.778140e+06	0.000000e+00	0.000000e+00
0.001000	2.759273e+06	1.222267e+07	0.000000e+00	0.000000e+00
0.001200	2.759273e+06	1.466721e+07	0.000000e+00	0.000000e+00
0.001400	2.759273e+06	1.711174e+07	0.000000e+00	0.000000e+00
0.001600	2.759273e+06	1.955628e+07	0.000000e+00	0.000000e+00
0.001800	2.759273e+06	2.200081e+07	0.000000e+00	0.000000e+00
0.002000	2.759273e+06	2.444535e+07	0.000000e+00	0.000000e+00
0.002200	2.759273e+06	2.688988e+07	0.000000e+00	0.000000e+00
0.002400	2.759273e+06	2.933442e+07	0.000000e+00	0.000000e+00
0.002600	2.759273e+06	3.177895e+07	0.000000e+00	0.000000e+00
0.002800	2.759273e+06	3.422349e+07	0.000000e+00	0.000000e+00
0.003000	2.759273e+06	3.666802e+07	0.000000e+00	0.000000e+00
0.003200	2.759273e+06	3.911256e+07	0.000000e+00	0.000000e+00
0.003400	2.759273e+06	4.155709e+07	0.000000e+00	0.000000e+00
0.003600	2.759273e+06	4.400163e+07	0.000000e+00	0.000000e+00
0.003800	2.759273e+06	4.644616e+07	0.000000e+00	0.000000e+00
0.004000	2.759273e+06	4.889070e+07	0.000000e+00	0.000000e+00
0.004200	2.759273e+06	5.133523e+07	0.000000e+00	0.000000e+00
0.004400	2.759273e+06	5.377977e+07	0.000000e+00	0.000000e+00
0.004600	2.759273e+06	5.622430e+07	0.000000e+00	0.000000e+00
0.004800	2.759273e+06	5.866884e+07	0.000000e+00	0.000000e+00
0.005000	2.759273e+06	6.111337e+07	0.000000e+00	0.000000e+00
0.005200	2.759273e+06	6.355791e+07	0.000000e+00	0.000000e+00
0.005400	2.759273e+06	6.600244e+07	0.000000e+00	0.000000e+00
0.005600	2.759273e+06	6.844698e+07	0.000000e+00	0.000000e+00
0.005800	2.759273e+06	7.089151e+07	0.000000e+00	0.000000e+00
0.006000	2.759273e+06	7.333605e+07	0.000000e+00	0.000000e+00
0.006200	2.759273e+06	7.578058e+07	0.000000e+00	0.000000e+00
0.006400	2.759273e+06	7.822512e+07	0.000000e+00	0.000000e+00
0.006600	2.759273e+06	8.066965e+07	0.000000e+00	0.000000e+00
0.006800	2.759273e+06	8.311419e+07	0.000000e+00	0.000000e+00
0.007000	2.759273e+06	8.555872e+07	0.000000e+00	0.000000e+00
0.007200	2.759273e+06	8.800326e+07	0.000000e+00	0.000000e+00
0.007400	2.759273e+06	9.044779e+07	0.000000e+00	0.000000e+00
0.007600	2.759273e+06	9.289233e+07	0.000000e+00	0.000000e+00
0.007800	2.759273e+06	9.533686e+07	0.000000e+00	0.000000e+00
0.008000	2.759273e+06	9.778140e+07	0.000000e+00	0.000000e+00
0.008200	2.759273e+06	1.002259e+08	0.000000e+00	0.000000e+00
0.008400	2.759273e+06	1.026705e+08	0.000000e+00	0.000000e+00
0.008600	2.759273e+06	1.051150e+08	0.000000e+00	0.000000e+00
0.008800	2.759273e+06	1.075595e+08	0.000000e+00	0.000000e+00
0.009000	2.759273e+06	1.100041e+08	0.000000e+00	0.000000e+00
0.009200	2.759273e+06	1.124486e+08	0.000000e+00	0.000000e+00
0.009400	2.759273e+06	1.148931e+08	0.000000e+00	0.000000e+00
0.009600	2.759273e+06	1.173377e+08	0.000000e+00	0.000000e+00
0.009800	2.759273e+06	1.197822e+08	0.000000e+00	0.000000e+00
0.010000	2.759273e+06	1.222267e+08	0.000000e+00	0.000000e+00
0.010200	2.759273e+06	1.246713e+08	0.000000e+00	0.000000e+00
0.010400	2.759273e+06	1.271158e+08	0.000000e+00	0.000000e+00
0.010600	2.759273e+06	1.295603e+08	0.000000e+00	0.000000e+00
0.010800	2.759273e+06	1.320049e+08	0.000000e+00	0.000000e+00
0.011000	2.759273e+06	1.344494e+08	0.000000e+00	0.000000e+00
0.011200	2.759273e+06	1.368940e+08	0.000000e+00	0.000000e+00
0.011400	2.759273e+06	1.393385e+08	0.000000e+00	0.000000e+00
0.011600	2.759273e+06	1.417830e+08	0.000000e+00	0.000000e+00
0.011800	2.759273e+06	1.442276e+08	0.000000e+00	0.000000e+00
0.012000	2.759273e+06	1.466721e+08	0.000000e+00	0.000000e+00
0.012200	2.759273e+06	1.491166e+08	0.000000e+00	0.000000e+00
0.012400	2.759273e+06	1.515612e+08	0.000000e+00	0.000000e+00
0.012600	2.759273e+06	1.540057e+08	0.000000e+00	0.000000e+00
0.012800	2.759273e+06	1.564502e+08	0.000000e+00	0.000000e+00
0.013000	2.759273e+06	1.588948e+08	0.000000e+00	0.000000e+00
0.013200	2.759273e+06	1.613393e+08	0.000000e+00	0.000000e+00
0.013400	2.759273e+06	1.637838e+08	0.000000e+00	0.000000e+00
0.013600	2.759273e+06	1.662284e+08	0.000000e+00	0.000000e+00
0.013800	2.759273e+06	1.686729e+08	0.000000e+00	0.000000e+00
0.014000	2.759273e+06	1.711174e+08	0.000000e+00	0.000000e+00
0.014200	2.759273e+06	1.735620e+08	0.000000e+00	0.000000e+00
0.014400	2.759273e+06	1.760065e+08	0.000000e+00	0.000000e+00
0.014600	2.759273e+06	1.784510e+08	0.000000e+00	0.000000e+00
0.014800	2.759273e+06	1.808956e+08	0.000000e+00	0.000000e+00
0.015000	2.759273e+06	1.833401e+08	0.000000e+00	0.000000e+00
0.015200	2.759273e+06	1.857847e+08	0.000000e+00	0.000000e+00
0.015400	2.759273e+06	1.882292e+08	0.000000e+00	0.000000e+00
0.015600	2.759273e+06	1.906737e+08	0.000000e+00	0.000000e+00
0.015800	2.759273e+06	1.931183e+08	0.000000e+00	0.000000e+00
0.016000	2.759273e+06	1.955628e+08	0.000000e+00	0.000000e+00
0.016200	2.759273e+06	1.980073e+08	0.000000e+00	0.000000e+00
0.016400	2.759273e+06	2.004519e+08	0.000000e+00	0.000000e+00
0.016600	2.759273e+06	2.028964e+08	0.000000e+00	0.000000e+00
0.016800	2.759273e+06	2.053409e+08	0.000000e+00	0.000000e+00
0.017000	2.759273e+06	2.077855e+08	0.000000e+00	0.000000e+00
0.017200	2.759273e+06	2.102300e+08	0.000000e+00	0.000000e+00
0.017400	2.759273e+06	2.126745e+08	0.000000e+00	0.000000e+00
0.017600	2.759273e+06	2.151191e+08	0.000000e+00	0.000000e+00
0.017800	2.759273e+06	2.175636e+08	0.000000e+00	0.000000e+00
0.018000	2.759273e+06	2.200081e+08	0.000000e+00	0.000000e+00
0.018200	2.759273e+06	2.224527e+08	0.000000e+00	0.000000e+00
0.018400	2.759273e+06	2.248972e+08	0.000000e+00	0.000000e+00
0.018600	2.759273e+06	2.273417e+08	0.000000e+00	0.000000e+00
0.018800	2.759273e+06	2.297863e+08	0.000000e+00	0.000000e+00
0.019000	2.759273e+06	2.322308e+08	0.000000e+00	0.000000e+00
0.019200	2.759273e+06	2.346753e+08	0.000000e+00	0.000000e+00
0.019400	2.759273e+06	2.371199e+08	0.000000e+00	0.000000e+00
0.019600	2.759273e+06	2.395644e+08	0.000000e+00	0.000000e+00
0.019800	2.759273e+06	2.420090e+08	0.000000e+00	0.000000e+00
0.020000	2.759273e+06	2.444535e+08	0.000000e+00	0.000000e+00
0.020200	2.759273e+06	2.468980e+08	0.000000e+00	0.000000e+00
0.020400	2.759273e+06	2.493426e+08	0.000000e+00	0.000000e+00
0.020600	2.759273e+06	2.517871e+08	0.000000e+00	0.000000e+00
0.020800	2.759273e+06	2.542316e+08	0.000000e+00	0.000000e+00
0.021000	2.759273e+06	2.566762e+08	0.000000e+00	0.000000e+00
0.021200	2.759273e+06	2.591207e+08	0.000000e+00	0.000000e+00
0.021400	2.759273e+06	2.615652e+08	0.000000e+00	0.000000e+00
0.021600	2.759273e+06	2.640098e+08	0.000000e+00	0.000000e+00
0.021800	2.759273e+06	2.664543e+08	0.000000e+00	0.000000e+00
0.022000	2.759273e+06	2.688988e+08	0.000000e+00	0.000000e+00
0.022200	2.759273e+06	2.713434e+08	0.000000e+00	0.000000e+00
0.022400	2.759273e+06	2.737879e+08	0.000000e+00	0.000000e+00
0.022600	2.759273e+06	2.762324e+08	0.000000e+00	0.000000e+00
0.022800	2.759273e+06	2.786770e+08	0.000000e+00	0.000000e+00
0.023000	2.759273e+06	2.811215e+08	0.000000e+00	0.000000e+00
0.023200	2.759273e+06	2.835660e+08	0.000000e+00	0.000000e+00
0.023400	2.759273e+06	2.860106e+08	0.000000e+00	0.000000e+00
0.023600	2.759273e+06	2.884551e+08	0.000000e+00	0.000000e+00
0.023800	2.759273e+06	2.908997e+08	0.000000e+00	0.000000e+00
0.024000	2.759273e+06	2.933442e+08	0.000000e+00	0.000000e+00
0.024200	2.759273e+06	2.957887e+08	0.000000e+00	0.000000e+00
0.024400	2.759273e+06	2.982333e+08	0.000000e+00	0.000000e+00
0.024600	2.759273e+06	3.006778e+08	0.000000e+00	0.000000e+00
0.024800	2.759273e+06	3.031223e+08	0.000000e+00	0.000000e+00
0.025000	2.759273e+06	3.055669e+08	0.000000e+00	0.000000e+00
0.025200	2.759273e+06	3.080114e+08	0.000000e+00	0.000000e+00
0.025400	2.759273e+06	3.104559e+08	0.000000e+00	0.000000e+00
0.025600	2.759273e+06	3.129005e+08	0.000000e+00	0.000000e+00
0.025800	2.759273e+06	3.153450e+08	0.000000e+00	0.000000e+00
0.026000	2.759273e+06	3.177895e+08	0.000000e+00	0.000000e+00
0.026200	2.759273e+06	3.202341e+08	0.000000e+00	0.000000e+00
0.026400	2.759273e+06	3.226786e+08	0.000000e+00	0.000000e+00
0.026600	2.759273e+06	3.251231e+08	0.000000e+00	0.000000e+00
0.026800	2.759273e+06	3.275677e+08	0.000000e+00	0.000000e+00
0.027000	2.759273e+06	3.300122e+08	0.000000e+00	0.000000e+00
0.027200	2.759273e+06	3.324567e+08	0.000000e+00	0.000000e+00
0.027400	2.759273e+06	3.349013e+08	0.000000e+00	0.000000e+00
0.027600	2.759273e+06	3.373458e+08	0.000000e+00	0.000000e+00
0.027800	2.759273e+06	3.397903e+08	0.000000e+00	0.000000e+00
0.028000	2.759273e+06	3.422349e+08	0.000000e+00	0.000000e+00
0.028200	2.759273e+06	3.446794e+08	0.000000e+00	0.000000e+00
0.028400	2.759273e+06	3.471240e+08	0.000000e+00	0.000000e+00
0.028600	2.759273e+06	3.495685e+08	0.000000e+00	0.000000e+00
0.028800	2.759273e+06	3.520130e+08	0.000000e+00	0.000000e+00
0.029000	2.759273e+06	3.544576e+08	0.000000e+00	0.000000e+00
0.029200	2.759273e+06	3.569021e+08	0.000000e+00	0.000000e+00
0.029400	2.759273e+06	3.593466e+08	0.000000e+00	0.000000e+00
0.029600	2.759273e+06	3.617912e+08	0.000000e+00	0.000000e+00
0.029800	2.759273e+06	3.642357e+08	0.000000e+00	0.000000e+00
0.030000	2.759273e+06	3.666802e+08	0.000000e+00	0.000000e+00
0.030200	2.759273e+06	3.691248e+08	0.000000e+00	0.000000e+00
0.030400	2.759273e+06	3.715693e+08	0.000000e+00	0.000000e+00
0.030600	2.759273e+06	3.740138e+08	0.000000e+00	0.000000e+00
0.030800	2.759273e+06	3.764584e+08	0.000000e+00	0.000000e+00
0.031000	2.759273e+06	3.789029e+08	0.000000e+00	0.000000e+00
0.031200	2.759273e+06	3.813474e+08	0.000000e+00	0.000000e+00
0.031400	2.759273e+06	3.837920e+08	0.000000e+00	0.000000e+00
0.031600	2.759273e+06	3.862365e+08	0.000000e+00	0.000000e+00
0.031800	2.759273e+06	3.886810e+08	0.000000e+00	0.000000e+00
0.032000	2.759273e+06	3.911256e+08	0.000000e+00	0.000000e+00
0.032200	2.759273e+06	3.935701e+08	0.000000e+00	0.000000e+00
0.032400	2.759273e+06	3.960147e+08	0.000000e+00	0.000000e+00
0.032600	2.759273e+06	3.984592e+08	0.000000e+00	0.000000e+00
0.032800	2.759273e+06	4.009037e+08	0.000000e+00	0.000000e+00
0.033000	2.759273e+06	4.033483e+08	0.000000e+00	0.000000e+00
0.033200	2.759273e+06	4.057928e+08	0.000000e+00	0.000000e+00
0.033400	2.759273e+06	4.082373e+08	0.000000e+00	0.000000e+00
0.033600	2.759273e+06	4.106819e+08	0.000000e+00	0.000000e+00
0.033800	2.759273e+06	4.131264e+08	0.000000e+00	0.000000e+00
0.034000	2.759273e+06	4.155709e+08	0.000000e+00	0.000000e+00
0.034200	2.671903e+06	4.180155e+08	0.000000e+00	0.000000e+00
0.034400	2.491338e+06	4.204600e+08	0.000000e+00	0.000000e+00
0.034600	2.323917e+06	4.229045e+08	0.000000e+00	0.000000e+00
0.034800	2.168617e+06	4.253491e+08	0.000000e+00	0.000000e+00
0.035000	2.024498e+06	4.277936e+08	0.000000e+00	0.000000e+00
0.035200	1.890697e+06	4.302381e+08	0.000000e+00	0.000000e+00
0.035400	1.766423e+06	4.326827e+08	0.000000e+00	0.000000e+00
0.035600	1.650950e+06	4.351272e+08	0.000000e+00	0.000000e+00
0.035800	1.543610e+06	4.375717e+08	0.000000e+00	0.000000e+00
0.036000	1.443789e+06	4.400163e+08	0.000000e+00	0.000000e+00
0.036200	1.350924e+06	4.424608e+08	0.000000e+00	0.000000e+00
0.036400	1.264495e+06	4.449053e+08	0.000000e+00	0.000000e+00
0.036600	1.184025e+06	4.473499e+08	0.000000e+00	0.000000e+00
0.036800	1.109073e+06	4.497944e+08	0.000000e+00	0.000000e+00
0.037000	1.039234e+06	4.522390e+08	0.000000e+00	0.000000e+00
0.037200	9.741338e+05	4.546835e+08	0.000000e+00	0.000000e+00
0.037400	9.134287e+05	4.571280e+08	0.000000e+00	0.000000e+00
0.037600	8.568006e+05	4.595726e+08	0.000000e+00	0.000000e+00
0.037800	8.039560e+05	4.620171e+08	0.000000e+00	0.000000e+00
0.038000	7.546242e+05	4.644616e+08	0.000000e+00	0.000000e+00
0.038200	7.085549e+05	4.669062e+08	0.000000e+00	0.000000e+00
0.038400	6.655171e+05	4.693507e+08	0.000000e+00	0.000000e+00
0.038600	6.252968e+05	4.717952e+08	0.000000e+00	0.000000e+00
0.038800	5.876966e+05	4.742398e+08	0.000000e+00	0.000000e+00
0.039000	5.525335e+05	4.766843e+08	0.000000e+00	0.000000e+00
0.039200	5.196382e+05	4.791288e+08	0.000000e+00	0.000000e+00
0.039400	4.888541e+05	4.815734e+08	0.000000e+00	0.000000e+00
0.039600	4.600358e+05	4.840179e+08	0.000000e+00	0.000000e+00
0.039800	4.330490e+05	4.864624e+08	0.000000e+00	0.000000e+00
0.040000	4.077688e+05	4.889070e+08	0.000000e+00	0.000000e+00
0.040200	3.840796e+05	4.913515e+08	0.000000e+00	0.000000e+00
0.040400	3.618741e+05	4.937960e+08	0.000000e+00	0.000000e+00
0.040600	3.410527e+05	4.962406e+08	0.000000e+00	0.000000e+00
0.040800	3.215229e+05	4.986851e+08	0.000000e+00	0.000000e+00
0.041000	3.031989e+05	5.011296e+08	0.000000e+00	0.000000e+00
0.041200	2.860008e+05	5.035742e+08	0.000000e+00	0.000000e+00
0.041400	2.698546e+05	5.060187e+08	0.000000e+00	0.000000e+00
0.041600	2.546912e+05	5.084633e+08	0.000000e+00	0.000000e+00
0.041800	2.404465e+05	5.109078e+08	0.000000e+00	0.000000e+00
0.042000	2.270609e+05	5.133523e+08	0.000000e+00	0.000000e+00
0.042200	2.144788e+05	5.157969e+08	0.000000e+00	0.000000e+00
0.042400	2.026486e+05	5.182414e+08	0.000000e+00	0.000000e+00
0.042600	1.915220e+05	5.206859e+08	0.000000e+00	0.000000e+00
0.042800	1.810542e+05	5.231305e+08	0.000000e+00	0.000000e+00
0.043000	1.712034e+05	5.255750e+08	0.000000e+00	0.000000e+00
0.043200	1.619306e+05	5.280195e+08	0.000000e+00	0.000000e+00
0.043400	1.531994e+05	5.304641e+08	0.000000e+00	0.000000e+00
0.043600	1.449760e+05	5.329086e+08	0.000000e+00	0.000000e+00
0.043800	1.372286e+05	5.353531e+08	0.000000e+00	0.000000e+00
0.044000	1.299277e+05	5.377977e+08	0.000000e+00	0.000000e+00
0.044200	1.230458e+05	5.402422e+08	0.000000e+00	0.000000e+00
0.044400	1.165570e+05	5.426867e+08	0.000000e+00	0.000000e+00
0.044600	1.104372e+05	5.451313e+08	0.000000e+00	0.000000e+00
0.044800	1.046641e+05	5.475758e+08	0.000000e+00	0.000000e+00
0.045000	9.921646e+04	5.500203e+08	0.000000e+00	0.000000e+00
0.045200	9.407466e+04	5.524649e+08	0.000000e+00	0.000000e+00
0.045400	8.922029e+04	5.549094e+08	0.000000e+00	0.000000e+00
0.045600	8.463612e+04	5.573540e+08	0.000000e+00	0.000000e+00
0.045800	8.030603e+04	5.597985e+08	0.000000e+00	0.000000e+00
0.046000	7.621490e+04	5.622430e+08	0.000000e+00	0.000000e+00
0.046200	7.234861e+04	5.646876e+08	0.000000e+00	0.000000e+00
0.046400	6.869389e+04	5.671321e+08	0.000000e+00	0.000000e+00
0.046600	6.523834e+04	5.695766e+08	0.000000e+00	0.000000e+00
0.046800	6.197031e+04	5.720212e+08	0.000000e+00	0.000000e+00
0.047000	5.887889e+04	5.744657e+08	0.000000e+00	0.000000e+00
0.047200	5.595384e+04	5.769102e+08	0.000000e+00	0.000000e+00
0.047400	5.318557e+04	5.793548e+08	0.000000e+00	0.000000e+00
0.047600	5.056505e+04	5.817993e+08	0.000000e+00	0.000000e+00
0.047800	4.808384e+04	5.842438e+08	0.000000e+00	0.000000e+00
0.048000	4.573398e+04	5.866884e+08	0.000000e+00	0.000000e+00
0.048200	4.350803e+04	5.891329e+08	0.000000e+00	0.000000e+00
0.048400	4.139897e+04	5.915774e+08	0.000000e+00	0.000000e+00
0.048600	3.940022e+04	5.940220e+08	0.000000e+00	0.000000e+00
0.048800	3.750559e+04	5.964665e+08	0.000000e+00	0.000000e+00
0.049000	3.570927e+04	5.989110e+08	0.000000e+00	0.000000e+00
0.049200	3.400577e+04	6.013556e+08	0.000000e+00	0.000000e+00
0.049400	3.238997e+04	6.038001e+08	0.000000e+00	0.000000e+00
0.049600	3.085700e+04	6.062446e+08	0.000000e+00	0.000000e+00
0.049800	2.940233e+04	6.086892e+08	0.000000e+00	0.000000e+00
0.050000	2.802166e+04	6.111337e+08	0.000000e+00	0.000000e+00
0.050200	2.671095e+04	6.135783e+08	0.000000e+00	0.000000e+00
0.050400	2.546639e+04	6.160228e+08	0.000000e+00	0.000000e+00
0.050600	2.428442e+04	6.184673e+08	0.000000e+00	0.000000e+00
0.050800	2.316164e+04	6.209119e+08	0.000000e+00	0.000000e+00
0.051000	2.209489e+04	6.233564e+08	0.000000e+00	0.000000e+00
0.051200	2.108115e+04	6.258009e+08	0.000000e+00	0.000000e+00
0.051400	2.011761e+04	6.282455e+08	0.000000e+00	0.000000e+00
0.051600	1.920160e+04	6.306900e+08	0.000000e+00	0.000000e+00
0.051800	1.833060e+04	6.331345e+08	0.000000e+00	0.000000e+00
0.052000	1.750224e+04	6.355791e+08	0.000000e+00	0.000000e+00
0.052200	1.671429e+04	6.380236e+08	0.000000e+00	0.000000e+00
0.052400	1.596461e+04	6.404681e+08	0.000000e+00	0.000000e+00
0.052600	1.525123e+04	6.429127e+08	0.000000e+00	0.000000e+00
0.052800	1.457226e+04	6.453572e+08	0.000000e+00	0.000000e+00
0.053000	1.392591e+04	6.478017e+08	0.000000e+00	0.000000e+00
0.053200	1.331050e+04	6.502463e+08	0.000000e+00	0.000000e+00
0.053400	1.272444e+04	6.526908e+08	0.000000e+00	0.000000e+00
0.053600	1.216624e+04	6.551353e+08	0.000000e+00	0.000000e+00
0.053800	1.163447e+04	6.575799e+08	0.000000e+00	0.000000e+00
0.054000	1.112779e+04	6.600244e+08	0.000000e+00	0.000000e+00
0.054200	4.506016e+04	6.090478e+08	6.947278e-05	0.000000e+00
0.054400	5.965669e+04	6.061367e+08	8.681893e-05	0.000000e+00
0.054600	9.094232e+04	6.039017e+08	1.086726e-04	0.000000e+00
0.054800	8.024245e+03	6.018773e+08	1.370524e-04	0.000000e+00
0.055000	4.416999e+03	6.004109e+08	1.383825e-04	0.000000e+00
0.055200	3.505752e+03	5.990150e+08	1.392746e-04	0.000000e+00
0.055400	3.031647e+03	5.976511e+08	1.399905e-04	0.000000e+00
0.055600	2.725832e+03	5.963171e+08	1.406000e-04	0.000000e+00
0.055800	2.506221e+03	5.950117e+08	1.411349e-04	0.000000e+00
0.056000	2.337938e+03	5.937337e+08	1.416131e-04	0.000000e+00
0.056200	2.203233e+03	5.924821e+08	1.420461e-04	0.000000e+00
0.056400	2.091966e+03	5.912563e+08	1.424418e-04	0.000000e+00
0.056600	1.997856e+03	5.900554e+08	1.428060e-04	0.000000e+00
0.056800	1.916769e+03	5.888788e+08	1.431433e-04	0.000000e+00
0.057000	1.845857e+03	5.877259e+08	1.434570e-04	0.000000e+00
0.057200	1.783081e+03	5.865963e+08	1.437499e-04	0.000000e+00
0.057400	1.726939e+03	5.854893e+08	1.440246e-04	0.000000e+00
0.057600	1.676294e+03	5.844047e+08	1.442828e-04	0.000000e+00
0.057800	1.630268e+03	5.833419e+08	1.445262e-04	0.000000e+00
0.058000	1.588169e+03	5.823006e+08	1.447564e-04	0.000000e+00
0.058200	1.549445e+03	5.812804e+08	1.449745e-04	0.000000e+00
0.058400	1.513647e+03	5.802809e+08	1.451816e-04	0.000000e+00
0.058600	1.480410e+03	5.793019e+08	1.453788e-04	0.000000e+00
0.058800	1.449426e+03	5.783430e+08	1.455670e-04	0.000000e+00
0.059000	1.420441e+03	5.774039e+08	1.457468e-04	0.000000e+00
0.059200	1.393239e+03	5.764843e+08	1.459191e-04	0.000000e+00
0.059400	1.367634e+03	5.755840e+08	1.460844e-04	0.000000e+00
0.059600	1.343471e+03	5.747028e+08	1.462434e-04	0.000000e+00
0.059800	1.320611e+03	5.738403e+08	1.463966e-04	0.000000e+00
0.060000	1.298936e+03	5.729964e+08	1.465446e-04	0.000000e+00
0.060200	1.278342e+03	5.721708e+08	1.466877e-04	0.000000e+00
0.060400	1.258739e+03	5.713634e+08	1.468264e-04	0.000000e+00
0.060600	1.240045e+03	5.705738e+08	1.469610e-04	0.000000e+00
0.060800	1.222190e+03	5.698020e+08	1.470921e-04	0.000000e+00
0.061000	1.205109e+03	5.690477e+08	1.472198e-04	0.000000e+00
0.061200	1.188746e+03	5.683108e+08	1.473446e-04	0.000000e+00
0.061400	1.173049e+03	5.675911e+08	1.474668e-04	0.000000e+00
0.061600	1.157974e+03	5.668884e+08	1.475865e-04	0.000000e+00
0.061800	1.143478e+03	5.662026e+08	1.477041e-04	0.000000e+00
0.062000	1.129524e+03	5.655335e+08	1.478199e-04	0.000000e+00
0.062200	1.116078e+03	5.648809e+08	1.479340e-04	0.000000e+00
0.062400	1.103108e+03	5.642447e+08	1.480468e-04	0.000000e+00
0.062600	1.090587e+03	5.636248e+08	1.481583e-04	0.000000e+00
0.062800	1.078487e+03	5.630211e+08	1.482689e-04	0.000000e+00
0.063000	1.066786e+03	5.624334e+08	1.483786e-04	0.000000e+00
0.063200	1.055462e+03	5.618615e+08	1.484878e-04	0.000000e+00
0.063400	1.044493e+03	5.613054e+08	1.485965e-04	0.000000e+00
0.063600	1.033862e+03	5.607649e+08	1.487049e-04	0.000000e+00
0.063800	1.023551e+03	5.602400e+08	1.488133e-04	0.000000e+00
0.064000	1.013545e+03	5.597305e+08	1.489216e-04	0.000000e+00
0.064200	1.003827e+03	5.592363e+08	1.490301e-04	0.000000e+00
0.064400	9.943852e+02	5.587573e+08	1.491390e-04	0.000000e+00
0.064600	9.852058e+02	5.582933e+08	1.492482e-04	0.000000e+00
0.064800	9.762770e+02	5.578444e+08	1.493581e-04	0.000000e+00
0.065000	9.675876e+02	5.574104e+08	1.494686e-04	0.000000e+00
0.065200	9.591270e+02	5.569912e+08	1.495799e-04	0.000000e+00
0.065400	9.508855e+02	5.565866e+08	1.496921e-04	0.000000e+00
0.065600	9.428537e+02	5.561967e+08	1.498053e-04	0.000000e+00
0.065800	9.350230e+02	5.558214e+08	1.499197e-04	0.000000e+00
0.066000	9.273854e+02	5.554605e+08	1.500352e-04	0.000000e+00
0.066200	9.199330e+02	5.551139e+08	1.501521e-04	0.000000e+00
0.066400	9.126587e+02	5.547816e+08	1.502703e-04	0.000000e+00
0.066600	9.055556e+02	5.544635e+08	1.503901e-04	0.000000e+00
0.066800	8.986173e+02	5.541595e+08	1.505113e-04	0.000000e+00
0.067000	8.918377e+02	5.538696e+08	1.506343e-04	0.000000e+00
0.067200	2.214427e+02	0.000000e+00	0.000000e+00	0.000000e+00
0.067400	2.201305e+02	0.000000e+00	0.000000e+00	0.000000e+00
0.067600	2.188299e+02	0.000000e+00	0.000000e+00	0.000000e+00
0.067800	2.175407e+02	0.000000e+00	0.000000e+00	0.000000e+00
0.068000	2.162630e+02	0.000000e+00	0.000000e+00	0.000000e+00
0.068200	2.149964e+02	0.000000e+00	0.000000e+00	0.000000e+00
0.068400	2.137410e+02	0.000000e+00	0.000000e+00	0.000000e+00
0.068600	2.124965e+02	0.000000e+00	0.000000e+00	0.000000e+00
0.068800	2.112628e+02	0.000000e+00	0.000000e+00	0.000000e+00
0.069000	2.100399e+02	0.000000e+00	0.000000e+00	0.000000e+00
0.069200	2.088276e+02	0.000000e+00	0.000000e+00	0.000000e+00
0.069400	2.076257e+02	0.000000e+00	0.000000e+00	0.000000e+00
0.069600	2.064341e+02	0.000000e+00	0.000000e+00	0.000000e+00
0.069800	2.052528e+02	0.000000e+00	0.000000e+00	0.000000e+00
0.070000	2.040816e+02	0.000000e+00	0.000000e+00	0.000000e+00
0.070200	2.029204e+02	0.000000e+00	0.000000e+00	0.000000e+00
0.070400	2.017691e+02	0.000000e+00	0.000000e+00	0.000000e+00
0.070600	2.006276e+02	0.000000e+00	0.000000e+00	0.000000e+00
0.070800	1.994957e+02	0.000000e+00	0.000000e+00	0.000000e+00
0.071000	1.983733e+02	0.000000e+00	0.000000e+00	0.000000e+00
0.071200	1.972604e+02	0.000000e+00	0.000000e+00	0.000000e+00
0.071400	1.961569e+02	0.000000e+00	0.000000e+00	0.000000e+00
0.071600	1.950626e+02	0.000000e+00	0.000000e+00	0.000000e+00
0.071800	1.939774e+02	0.000000e+00	0.000000e+00	0.000000e+00
0.072000	1.929012e+02	0.000000e+00	0.000000e+00	0.000000e+00
0.072200	1.918340e+02	0.000000e+00	0.000000e+00	0.000000e+00
0.072400	1.907756e+02	0.000000e+00	0.000000e+00	0.000000e+00
0.072600	1.897260e+02	0.000000e+00	0.000000e+00	0.000000e+00
0.072800	1.886849e+02	0.000000e+00	0.000000e+00	0.000000e+00
0.073000	1.876525e+02	0.000000e+00	0.000000e+00	0.000000e+00
0.073200	1.866284e+02	0.000000e+00	0.000000e+00	0.000000e+00
0.073400	1.856128e+02	0.000000e+00	0.000000e+00	0.000000e+00
0.073600	1.846054e+02	0.000000e+00	0.000000e+00	0.000000e+00
0.073800	1.836062e+02	0.000000e+00	0.000000e+00	0.000000e+00
0.074000	1.826150e+02	0.000000e+00	0.000000e+00	0.000000e+00
0.074200	1.816319e+02	0.000000e+00	0.000000e+00	0.000000e+00
0.074400	1.806567e+02	0.000000e+00	0.000000e+00	0.000000e+00
0.074600	1.796894e+02	0.000000e+00	0.000000e+00	0.000000e+00
0.074800	1.787297e+02	0.000000e+00	0.000000e+00	0.000000e+00
0.075000	1.777778e+02	0.000000e+00	0.000000e+00	0.000000e+00
0.075200	1.768334e+02	0.000000e+00	0.000000e+00	0.000000e+00
0.075400	1.758965e+02	0.000000e+00	0.000000e+00	0.000000e+00
0.075600	1.749671e+02	0.000000e+00	0.000000e+00	0.000000e+00
0.075800	1.740450e+02	0.000000e+00	0.000000e+00	0.000000e+00
0.076000	1.731302e+02	0.000000e+00	0.000000e+00	0.000000e+00
0.076200	1.722226e+02	0.000000e+00	0.000000e+00	0.000000e+00
0.076400	1.713221e+02	0.000000e+00	0.000000e+00	0.000000e+00
0.076600	1.704286e+02	0.000000e+00	0.000000e+00	0.000000e+00
0.076800	1.695421e+02	0.000000e+00	0.000000e+00	0.000000e+00
0.077000	1.686625e+02	0.000000e+00	0.000000e+00	0.000000e+00
0.077200	1.677897e+02	0.000000e+00	0.000000e+00	0.000000e+00
0.077400	1.669237e+02	0.000000e+00	0.000000e+00	0.000000e+00
0.077600	1.660644e+02	0.000000e+00	0.000000e+00	0.000000e+00
0.077800	1.652117e+02	0.000000e+00	0.000000e+00	0.000000e+00
0.078000	1.643655e+02	0.000000e+00	0.000000e+00	0.000000e+00
0.078200	1.635259e+02	0.000000e+00	0.000000e+00	0.000000e+00
0.078400	1.626926e+02	0.000000e+00	0.000000e+00	0.000000e+00
0.078600	1.618657e+02	0.000000e+00	0.000000e+00	0.000000e+00
0.078800	1.610451e+02	0.000000e+00	0.000000e+00	0.000000e+00
0.079000	1.602307e+02	0.000000e+00	0.000000e+00	0.000000e+00
0.079200	1.594225e+02	0.000000e+00	0.000000e+00	0.000000e+00
0.079400	1.586204e+02	0.000000e+00	0.000000e+00	0.000000e+00
0.079600	1.578243e+02	0.000000e+00	0.000000e+00	0.000000e+00
0.079800	1.570342e+02	0.000000e+00	0.000000e+00	0.000000e+00
0.080000	1.562500e+02	0.000000e+00	0.000000e+00	0.000000e+00
0.080200	1.554717e+02	0.000000e+00	0.000000e+00	0.000000e+00
0.080400	1.546991e+02	0.000000e+00	0.000000e+00	0.000000e+00
0.080600	1.539324e+02	0.000000e+00	0.000000e+00	0.000000e+00
0.080800	1.531713e+02	0.000000e+00	0.000000e+00	0.000000e+00
0.081000	1.524158e+02	0.000000e+00	0.000000e+00	0.000000e+00
0.081200	1.516659e+02	0.000000e+00	0.000000e+00	0.000000e+00
0.081400	1.509215e+02	0.000000e+00	0.000000e+00	0.000000e+00
0.081600	1.501826e+02	0.000000e+00	0.000000e+00	0.000000e+00
0.081800	1.494491e+02	0.000000e+00	0.000000e+00	0.000000e+00
0.082000	1.487210e+02	0.000000e+00	0.000000e+00	0.000000e+00
0.082200	1.479982e+02	0.000000e+00	0.000000e+00	0.000000e+00
0.082400	1.472806e+02	0.000000e+00	0.000000e+00	0.000000e+00
0.082600	1.465683e+02	0.000000e+00	0.000000e+00	0.000000e+00
0.082800	1.458610e+02	0.000000e+00	0.000000e+00	0.000000e+00
0.083000	1.451589e+02	0.000000e+00	0.000000e+00	0.000000e+00
0.083200	1.444619e+02	0.000000e+00	0.000000e+00	0.000000e+00
0.083400	1.437699e+02	0.000000e+00	0.000000e+00	0.000000e+00
0.083600	1.430828e+02	0.000000e+00	0.000000e+00	0.000000e+00
0.083800	1.424006e+02	0.000000e+00	0.000000e+00	0.000000e+00
0.084000	1.417234e+02	0.000000e+00	0.000000e+00	0.000000e+00
0.084200	1.410509e+02	0.000000e+00	0.000000e+00	0.000000e+00
0.084400	1.403832e+02	0.000000e+00	0.000000e+00	0.000000e+00
0.084600	1.397202e+02	0.000000e+00	0.000000e+00	0.000000e+00
0.084800	1.390619e+02	0.000000e+00	0.000000e+00	0.000000e+00
0.085000	1.384083e+02	0.000000e+00	0.000000e+00	0.000000e+00
0.085200	1.377593e+02	0.000000e+00	0.000000e+00	0.000000e+00
0.085400	1.371148e+02	0.000000e+00	0.000000e+00	0.000000e+00
0.085600	1.364748e+02	0.000000e+00	0.000000e+00	0.000000e+00
0.085800	1.358393e+02	0.000000e+00	0.000000e+00	0.000000e+00
0.086000	1.352082e+02	0.000000e+00	0.000000e+00	0.000000e+00
0.086200	1.345815e+02	0.000000e+00	0.000000e+00	0.000000e+00
0.086400	1.339592e+02	0.000000e+00	0.000000e+00	0.000000e+00
0.086600	1.333412e+02	0.000000e+00	0.000000e+00	0.000000e+00
0.086800	1.327274e+02	0.000000e+00	0.000000e+00	0.000000e+00
0.087000	1.321178e+02	0.000000e+00	0.000000e+00	0.000000e+00
0.087200	1.315125e+02	0.000000e+00	0.000000e+00	0.000000e+00
0.087400	1.309113e+02	0.000000e+00	0.000000e+00	0.000000e+00
0.087600	1.303142e+02	0.000000e+00	0.000000e+00	0.000000e+00
0.087800	1.297212e+02	0.000000e+00	0.000000e+00	0.000000e+00
0.088000	1.291322e+02	0.000000e+00	0.000000e+00	0.000000e+00
0.088200	1.285473e+02	0.000000e+00	0.000000e+00	0.000000e+00
0.088400	1.279663e+02	0.000000e+00	0.000000e+00	0.000000e+00
0.088600	1.273892e+02	0.000000e+00	0.000000e+00	0.000000e+00
0.088800	1.268160e+02	0.000000e+00	0.000000e+00	0.000000e+00
0.089000	1.262467e+02	0.000000e+00	0.000000e+00	0.000000e+00
0.089200	1.256812e+02	0.000000e+00	0.000000e+00	0.000000e+00
0.089400	1.251195e+02	0.000000e+00	0.000000e+00	0.000000e+00
0.089600	1.245615e+02	0.000000e+00	0.000000e+00	0.000000e+00
0.089800	1.240073e+02	0.000000e+00	0.000000e+00	0.000000e+00
0.090000	1.234568e+02	0.000000e+00	0.000000e+00	0.000000e+00
0.090200	1.229099e+02	0.000000e+00	0.000000e+00	0.000000e+00
0.090400	1.223667e+02	0.000000e+00	0.000000e+00	0.000000e+00
0.090600	1.218270e+02	0.000000e+00	0.000000e+00	0.000000e+00
0.090800	1.212909e+02	0.000000e+00	0.000000e+00	0.000000e+00
0.091000	1.207584e+02	0.000000e+00	0.000000e+00	0.000000e+00
0.091200	1.202293e+02	0.000000e+00	0.000000e+00	0.000000e+00
0.091400	1.197037e+02	0.000000e+00	0.000000e+00	0.000000e+00
0.091600	1.191816e+02	0.000000e+00	0.000000e+00	0.000000e+00
0.091800	1.186628e+02	0.000000e+00	0.000000e+00	0.000000e+00
0.092000	1.181474e+02	0.000000e+00	0.000000e+00	0.000000e+00
0.092200	1.176354e+02	0.000000e+00	0.000000e+00	0.000000e+00
0.092400	1.171267e+02	0.000000e+00	0.000000e+00	0.000000e+00
0.092600	1.166213e+02	0.000000e+00	0.000000e+00	0.000000e+00
0.092800	1.161192e+02	0.000000e+00	0.000000e+00	0.000000e+00
0.093000	1.156203e+02	0.000000e+00	0.000000e+00	0.000000e+00
0.093200	1.151246e+02	0.000000e+00	0.000000e+00	0.000000e+00
0.093400	1.146321e+02	0.000000e+00	0.000000e+00	0.000000e+00
0.093600	1.141427e+02	0.000000e+00	0.000000e+00	0.000000e+00
0.093800	1.136565e+02	0.000000e+00	0.000000e+00	0.000000e+00
0.094000	1.131734e+02	0.000000e+00	0.000000e+00	0.000000e+00
0.094200	1.126933e+02	0.000000e+00	0.000000e+00	0.000000e+00
0.094400	1.122163e+02	0.000000e+00	0.000000e+00	0.000000e+00
0.094600	1.117423e+02	0.000000e+00	0.000000e+00	0.000000e+00
0.094800	1.112713e+02	0.000000e+00	0.000000e+00	0.000000e+00
0.095000	1.108033e+02	0.000000e+00	0.000000e+00	0.000000e+00
0.095200	1.103383e+02	0.000000e+00	0.000000e+00	0.000000e+00
0.095400	1.098761e+02	0.000000e+00	0.000000e+00	0.000000e+00
0.095600	1.094169e+02	0.000000e+00	0.000000e+00	0.000000e+00
0.095800	1.089605e+02	0.000000e+00	0.000000e+00	0.000000e+00
0.096000	1.085069e+02	0.000000e+00	0.000000e+00	0.000000e+00
0.096200	1.080562e+02	0.000000e+00	0.000000e+00	0.000000e+00
0.096400	1.076083e+02	0.000000e+00	0.000000e+00	0.000000e+00
0.096600	1.071632e+02	0.000000e+00	0.000000e+00	0.000000e+00
0.096800	1.067209e+02	0.000000e+00	0.000000e+00	0.000000e+00
0.097000	1.062812e+02	0.000000e+00	0.000000e+00	0.000000e+00
0.097200	1.058443e+02	0.000000e+00	0.000000e+00	0.000000e+00
0.097400	1.054101e+02	0.000000e+00	0.000000e+00	0.000000e+00
0.097600	1.049785e+02	0.000000e+00	0.000000e+00	0.000000e+00
0.097800	1.045496e+02	0.000000e+00	0.000000e+00	0.000000e+00
0.098000	1.041233e+02	0.000000e+00	0.000000e+00	0.000000e+00
0.098200	1.036996e+02	0.000000e+00	0.000000e+00	0.000000e+00
0.098400	1.032785e+02	0.000000e+00	0.000000e+00	0.000000e+00
0.098600	1.028599e+02	0.000000e+00	0.000000e+00	0.000000e+00
0.098800	1.024439e+02	0.000000e+00	0.000000e+00	0.000000e+00
0.099000	1.020304e+02	0.000000e+00	0.000000e+00	0.000000e+00
0.099200	1.016194e+02	0.000000e+00	0.000000e+00	0.000000e+00
0.099400	1.012109e+02	0.000000e+00	0.000000e+00	0.000000e+00
0.099600	1.008048e+02	0.000000e+00	0.000000e+00	0.000000e+00
0.099800	1.004012e+02	0.000000e+00	0.000000e+00	0.000000e+00
0.100000	1.000000e+02	0.000000e+00	0.000000e+00	0.000000e+00
0.100200	9.960120e+01	0.000000e+00	0.000000e+00	0.000000e+00
0.100400	9.920477e+01	0.000000e+00	0.000000e+00	0.000000e+00
0.100600	9.881071e+01	0.000000e+00	0.000000e+00	0.000000e+00
0.100800	9.841900e+01	0.000000e+00	0.000000e+00	0.000000e+00
0.101000	9.802960e+01	0.000000e+00	0.000000e+00	0.000000e+00
0.101200	9.764252e+01	0.000000e+00	0.000000e+00	0.000000e+00
0.101400	9.725772e+01	0.000000e+00	0.000000e+00	0.000000e+00
0.101600	9.687519e+01	0.000000e+00	0.000000e+00	0.000000e+00
0.101800	9.649492e+01	0.000000e+00	0.000000e+00	0.000000e+00
0.102000	9.611688e+01	0.000000e+00	0.000000e+00	0.000000e+00
0.102200	9.574105e+01	0.000000e+00	0.000000e+00	0.000000e+00
0.102400	9.536743e+01	0.000000e+00	0.000000e+00	0.000000e+00
0.102600	9.499599e+01	0.000000e+00	0.000000e+00	0.000000e+00
0.102800	9.462672e+01	0.000000e+00	0.000000e+00	0.000000e+00
0.103000	9.425959e+01	0.000000e+00	0.000000e+00	0.000000e+00
0.103200	9.389460e+01	0.000000e+00	0.000000e+00	0.000000e+00
0.103400	9.353172e+01	0.000000e+00	0.000000e+00	0.000000e+00
0.103600	9.317094e+01	0.000000e+00	0.000000e+00	0.000000e+00
0.103800	9.281225e+01	0.000000e+00	0.000000e+00	0.000000e+00
0.104000	9.245562e+01	0.000000e+00	0.000000e+00	0.000000e+00
0.104200	9.210105e+01	0.000000e+00	0.000000e+00	0.000000e+00
0.104400	9.174851e+01	0.000000e+00	0.000000e+00	0.000000e+00
0.104600	9.139799e+01	0.000000e+00	0.000000e+00	0.000000e+00
0.104800	9.104947e+01	0.000000e+00	0.000000e+00	0.000000e+00
0.105000	9.070295e+01	0.000000e+00	0.000000e+00	0.000000e+00
0.105200	9.035840e+01	0.000000e+00	0.000000e+00	0.000000e+00
0.105400	9.001581e+01	0.000000e+00	0.000000e+00	0.000000e+00
0.105600	8.967516e+01	0.000000e+00	0.000000e+00	0.000000e+00
0.105800	8.933644e+01	0.000000e+00	0.000000e+00	0.000000e+00
0.106000	8.899964e+01	0.000000e+00	0.000000e+00	0.000000e+00
0.106200	8.866474e+01	0.000000e+00	0.000000e+00	0.000000e+00
0.106400	8.833173e+01	0.000000e+00	0.000000e+00	0.000000e+00
0.106600	8.800059e+01	0.000000e+00	0.000000e+00	0.000000e+00
0.106800	8.767131e+01	0.000000e+00	0.000000e+00	0.000000e+00
0.107000	8.734387e+01	0.000000e+00	0.000000e+00	0.000000e+00
0.107200	8.701827e+01	0.000000e+00	0.000000e+00	0.000000e+00
0.107400	8.669448e+01	0.000000e+00	0.000000e+00	0.000000e+00
0.107600	8.637249e+01	0.000000e+00	0.000000e+00	0.000000e+00
0.107800	8.605230e+01	0.000000e+00	0.000000e+00	0.000000e+00
0.108000	8.573388e+01	0.000000e+00	0.000000e+00	0.000000e+00
0.108200	8.541723e+01	0.000000e+00	0.000000e+00	0.000000e+00
0.108400	8.510233e+01	0.000000e+00	0.000000e+00	0.000000e+00
0.108600	8.478916e+01	0.000000e+00	0.000000e+00	0.000000e+00
0.108800	8.447772e+01	0.000000e+00	0.000000e+00	0.000000e+00
0.109000	8.416800e+01	0.000000e+00	0.000000e+00	0.000000e+00
0.109200	8.385997e+01	0.000000e+00	0.000000e+00	0.000000e+00
0.109400	8.355364e+01	0.000000e+00	0.000000e+00	0.000000e+00
0.109600	8.324897e+01	0.000000e+00	0.000000e+00	0.000000e+00
0.109800	8.294598e+01	0.000000e+00	0.000000e+00	0.000000e+00
0.110000	8.264463e+01	0.000000e+00	0.000000e+00	0.000000e+00
0.110200	8.234492e+01	0.000000e+00	0.000000e+00	0.000000e+00
0.110400	8.204684e+01	0.000000e+00	0.000000e+00	0.000000e+00
0.110600	8.175037e+01	0.000000e+00	0.000000e+00	0.000000e+00
0.110800	8.145551e+01	0.000000e+00	0.000000e+00	0.000000e+00
0.111000	8.116224e+01	0.000000e+00	0.000000e+00	0.000000e+00
0.111200	8.087056e+01	0.000000e+00	0.000000e+00	0.000000e+00
0.111400	8.058044e+01	0.000000e+00	0.000000e+00	0.000000e+00
0.111600	8.029188e+01	0.000000e+00	0.000000e+00	0.000000e+00
0.111800	8.000486e+01	0.000000e+00	0.000000e+00	0.000000e+00
0.112000	7.971939e+01	0.000000e+00	0.000000e+00	0.000000e+00
0.112200	7.943544e+01	0.000000e+00	0.000000e+00	0.000000e+00
0.112400	7.915300e+01	0.000000e+00	0.000000e+00	0.000000e+00
0.112600	7.887207e+01	0.000000e+00	0.000000e+00	0.000000e+00
0.112800	7.859263e+01	0.000000e+00	0.000000e+00	0.000000e+00
0.113000	7.831467e+01	0.000000e+00	0.000000e+00	0.000000e+00
0.113200	7.803818e+01	0.000000e+00	0.000000e+00	0.000000e+00
0.113400	7.776316e+01	0.000000e+00	0.000000e+00	0.000000e+00
0.113600	7.748959e+01	0.000000e+00	0.000000e+00	0.000000e+00
0.113800	7.721745e+01	0.000000e+00	0.000000e+00	0.000000e+00
0.114000	7.694675e+01	0.000000e+00	0.000000e+00	0.000000e+00
0.114200	7.667747e+01	0.000000e+00	0.000000e+00	0.000000e+00
0.114400	7.640960e+01	0.000000e+00	0.000000e+00	0.000000e+00
0.114600	7.614314e+01	0.000000e+00	0.000000e+00	0.000000e+00
0.114800	7.587806e+01	0.000000e+00	0.000000e+00	0.000000e+00
0.115000	7.561437e+01	0.000000e+00	0.000000e+00	0.000000e+00
0.115200	7.535204e+01	0.000000e+00	0.000000e+00	0.000000e+00
0.115400	7.509109e+01	0.000000e+00	0.000000e+00	0.000000e+00
0.115600	7.483148e+01	0.000000e+00	0.000000e+00	0.000000e+00
0.115800	7.457322e+01	0.000000e+00	0.000000e+00	0.000000e+00
0.116000	7.431629e+01	0.000000e+00	0.000000e+00	0.000000e+00
0.116200	7.406069e+01	0.000000e+00	0.000000e+00	0.000000e+00
0.116400	7.380640e+01	0.000000e+00	0.000000e+00	0.000000e+00
0.116600	7.355342e+01	0.000000e+00	0.000000e+00	0.000000e+00
0.116800	7.330175e+01	0.000000e+00	0.000000e+00	0.000000e+00
0.117000	7.305136e+01	0.000000e+00	0.000000e+00	0.000000e+00
0.117200	7.280225e+01	0.000000e+00	0.000000e+00	0.000000e+00
0.117400	7.255441e+01	0.000000e+00	0.000000e+00	0.000000e+00
0.117600	7.230783e+01	0.000000e+00	0.000000e+00	0.000000e+00
0.117800	7.206252e+01	0.000000e+00	0.000000e+00	0.000000e+00
0.118000	7.181844e+01	0.000000e+00	0.000000e+00	0.000000e+00
0.118200	7.157561e+01	0.000000e+00	0.000000e+00	0.000000e+00
0.118400	7.133400e+01	0.000000e+00	0.000000e+00	0.000000e+00
0.118600	7.109362e+01	0.000000e+00	0.000000e+00	0.000000e+00
0.118800	7.085445e+01	0.000000e+00	0.000000e+00	0.000000e+00
0.119000	7.061648e+01	0.000000e+00	0.000000e+00	0.000000e+00
0.119200	7.037971e+01	0.000000e+00	0.000000e+00	0.000000e+00
0.119400	7.014413e+01	0.000000e+00	0.000000e+00	0.000000e+00
0.119600	6.990973e+01	0.000000e+00	0.000000e+00	0.000000e+00
0.119800	6.967651e+01	0.000000e+00	0.000000e+00	0.000000e+00
0.120000	6.944444e+01	0.000000e+00	0.000000e+00	0.000000e+00
0.120200	6.921354e+01	0.000000e+00	0.000000e+00	0.000000e+00
0.120400	6.898379e+01	0.000000e+00	0.000000e+00	0.000000e+00
0.120600	6.875517e+01	0.000000e+00	0.000000e+00	0.000000e+00
0.120800	6.852770e+01	0.000000e+00	0.000000e+00	0.000000e+00
0.121000	6.830135e+01	0.000000e+00	0.000000e+00	0.000000e+00
0.121200	6.807611e+01	0.000000e+00	0.000000e+00	0.000000e+00
0.121400	6.785200e+01	0.000000e+00	0.000000e+00	0.000000e+00
0.121600	6.762898e+01	0.000000e+00	0.000000e+00	0.000000e+00
0.121800	6.740707e+01	0.000000e+00	0.000000e+00	0.000000e+00
0.122000	6.718624e+01	0.000000e+00	0.000000e+00	0.000000e+00
0.122200	6.696650e+01	0.000000e+00	0.000000e+00	0.000000e+00
0.122400	6.674783e+01	0.000000e+00	0.000000e+00	0.000000e+00
0.122600	6.653024e+01	0.000000e+00	0.000000e+00	0.000000e+00
0.122800	6.631370e+01	0.000000e+00	0.000000e+00	0.000000e+00
0.123000	6.609822e+01	0.000000e+00	0.000000e+00	0.000000e+00
0.123200	6.588379e+01	0.000000e+00	0.000000e+00	0.000000e+00
0.123400	6.567040e+01	0.000000e+00	0.000000e+00	0.000000e+00
0.123600	6.545805e+01	0.000000e+00	0.000000e+00	0.000000e+00
0.123800	6.524672e+01	0.000000e+00	0.000000e+00	0.000000e+00
0.124000	6.503642e+01	0.000000e+00	0.000000e+00	0.000000e+00
0.124200	6.482713e+01	0.000000e+00	0.000000e+00	0.000000e+00
0.124400	6.461885e+01	0.000000e+00	0.000000e+00	0.000000e+00
0.124600	6.441157e+01	0.000000e+00	0.000000e+00	0.000000e+00
0.124800	6.420529e+01	0.000000e+00	0.000000e+00	0.000000e+00
0.125000	6.400000e+01	0.000000e+00	0.000000e+00	0.000000e+00
0.125200	6.379569e+01	0.000000e+00	0.000000e+00	0.000000e+00
0.125400	6.359236e+01	0.000000e+00	0.000000e+00	0.000000e+00
0.125600	6.339000e+01	0.000000e+00	0.000000e+00	0.000000e+00
0.125800	6.318860e+01	0.000000e+00	0.000000e+00	0.000000e+00
0.126000	6.298816e+01	0.000000e+00	0.000000e+00	0.000000e+00
0.126200	6.278867e+01	0.000000e+00	0.000000e+00	0.000000e+00
0.126400	6.259013e+01	0.000000e+00	0.000000e+00	0.000000e+00
0.126600	6.239253e+01	0.000000e+00	0.000000e+00	0.000000e+00
0.126800	6.219586e+01	0.000000e+00	0.000000e+00	0.000000e+00
0.127000	6.200012e+01	0.000000e+00	0.000000e+00	0.000000e+00
0.127200	6.180531e+01	0.000000e+00	0.000000e+00	0.000000e+00
0.127400	6.161141e+01	0.000000e+00	0.000000e+00	0.000000e+00
0.127600	6.141842e+01	0.000000e+00	0.000000e+00	0.000000e+00
0.127800	6.122634e+01	0.000000e+00	0.000000e+00	0.000000e+00
0.128000	6.103516e+01	0.000000e+00	0.000000e+00	0.000000e+00
0.128200	6.084487e+01	0.000000e+00	0.000000e+00	0.000000e+00
0.128400	6.065547e+01	0.000000e+00	0.000000e+00	0.000000e+00
0.128600	6.046695e+01	0.000000e+00	0.000000e+00	0.000000e+00
0.128800	6.027931e+01	0.000000e+00	0.000000e+00	0.000000e+00
0.129000	6.009254e+01	0.000000e+00	0.000000e+00	0.000000e+00
0.129200	5.990664e+01	0.000000e+00	0.000000e+00	0.000000e+00
0.129400	5.972160e+01	0.000000e+00	0.000000e+00	0.000000e+00
0.129600	5.953742e+01	0.000000e+00	0.000000e+00	0.000000e+00
0.129800	5.935409e+01	0.000000e+00	0.000000e+00	0.000000e+00
0.130000	5.917160e+01	0.000000e+00	0.000000e+00	0.000000e+00
0.130200	5.898995e+01	0.000000e+00	0.000000e+00	0.000000e+00
0.130400	5.880914e+01	0.000000e+00	0.000000e+00	0.000000e+00
0.130600	5.862916e+01	0.000000e+00	0.000000e+00	0.000000e+00
0.130800	5.845000e+01	0.000000e+00	0.000000e+00	0.000000e+00
0.131000	5.827166e+01	0.000000e+00	0.000000e+00	0.000000e+00
0.131200	5.809414e+01	0.000000e+00	0.000000e+00	0.000000e+00
0.131400	5.791743e+01	0.000000e+00	0.000000e+00	0.000000e+00
0.131600	5.774152e+01	0.000000e+00	0.000000e+00	0.000000e+00
0.131800	5.756641e+01	0.000000e+00	0.000000e+00	0.000000e+00
0.132000	5.739210e+01	0.000000e+00	0.000000e+00	0.000000e+00
0.132200	5.721858e+01	0.000000e+00	0.000000e+00	0.000000e+00
0.132400	5.704585e+01	0.000000e+00	0.000000e+00	0.000000e+00
0.132600	5.687389e+01	0.000000e+00	0.000000e+00	0.000000e+00
0.132800	5.670271e+01	0.000000e+00	0.000000e+00	0.000000e+00
0.133000	5.653231e+01	0.000000e+00	0.000000e+00	0.000000e+00
0.133200	5.636267e+01	0.000000e+00	0.000000e+00	0.000000e+00
0.133400	5.619379e+01	0.000000e+00	0.000000e+00	0.000000e+00
0.133600	5.602567e+01	0.000000e+00	0.000000e+00	0.000000e+00
0.133800	5.585831e+01	0.000000e+00	0.000000e+00	0.000000e+00
0.134000	5.569169e+01	0.000000e+00	0.000000e+00	0.000000e+00
0.134200	5.552582e+01	0.000000e+00	0.000000e+00	0.000000e+00
0.134400	5.536069e+01	0.000000e+00	0.000000e+00	0.000000e+00
